-19 36 902 -37 203 1189 4 136 945 9 163 1026 -33 295 1263 -89 313 1329 -109 281 1337 -138 159 952 -185 211 1072 -335 34 628 -377 -141 26 -157 12 355 219 62 1211 128 562 1998 243 370 1588 149 153 1114 5 -64 785 -133 -235 494 -185 -374 5 -77 -120 618 222 19 828 301 293 1311 -22 395 1704 45 167 1183 77 116 871 84 84 832 29 135 1035 6 169 1134 67 92 925 62 125 1033 
0 1 0
53 171 1004 -31 218 1006 73 162 1005 31 181 1268 -169 249 1442 -143 245 1399 -165 151 1298 -289 200 1223 -309 32 842 -242 -72 481 -92 -176 96 -112 -77 698 64 -46 1079 -113 336 1848 125 256 1674 28 80 1070 17 -170 700 105 -216 641 -46 -249 500 -72 -286 336 54 -139 451 206 -149 671 36 143 1367 -176 218 1552 122 85 1330 86 -20 846 209 49 929 76 -6 893 74 42 961 10 91 1005 
0 1 0
26 183 951 5 187 965 116 152 945 29 152 903 27 215 1160 -87 200 1285 85 207 1324 111 176 1230 29 1 901 -15 -69 904 -165 -162 825 -243 -193 616 -55 -189 499 -35 -209 621 221 -105 865 84 -17 1286 -24 238 1897 94 173 1510 169 122 1130 44 -25 972 -25 -216 680 -210 -230 687 -311 -266 282 -95 -75 613 142 -32 834 385 -21 887 553 225 1539 206 40 1222 155 140 1192 -23 151 969 
0 1 0
106 98 850 -45 255 1137 105 116 941 -3 222 1152 71 158 1065 18 165 1251 -11 134 1345 -53 163 1285 -149 47 1026 -250 35 1127 -310 -1 1087 -135 -144 391 -185 -191 116 -330 -65 664 -70 -1 1030 119 122 1439 19 323 1998 79 199 1715 37 -17 1021 -58 -191 635 1 -202 540 -56 -253 359 -124 -297 167 88 -256 566 308 -249 731 304 245 1372 277 20 1349 268 107 1354 191 43 973 -3 37 827 
0 1 0
160 155 913 145 236 1140 82 179 984 70 192 968 175 258 1086 70 197 1155 133 150 1316 65 1 926 0 -18 1039 3 -135 626 -86 -38 778 -163 -166 658 -229 -158 768 -302 -125 332 -155 -275 175 -63 -239 668 -49 61 1335 8 164 1771 12 235 1783 74 10 1284 102 -123 898 123 -221 629 108 -277 237 -338 -350 219 -162 -351 402 -51 65 922 283 356 1493 244 392 1948 219 188 1402 57 78 965 
0 1 0
73 175 935 79 214 1058 122 131 883 89 172 965 129 200 988 73 176 892 92 191 998 194 195 1329 -4 248 1286 -28 158 1113 -41 -3 866 -112 72 1070 -206 -109 899 -192 -96 724 -245 -80 277 -163 -34 725 4 -110 792 -132 114 1371 -9 288 1920 150 211 1564 120 46 1081 13 -97 767 -108 -138 888 -100 -281 249 -380 -270 420 -39 25 750 301 165 1346 591 14 1271 479 137 1490 227 134 1266 
0 1 0
123 176 1062 111 160 1022 111 194 1034 164 141 956 138 161 1059 122 225 1157 160 88 887 92 136 1280 -1 141 1223 -78 50 1053 -190 17 955 -221 -141 676 -262 -132 432 -257 -253 214 0 -122 466 -50 71 951 63 205 1757 179 440 1998 240 258 1501 53 6 873 137 -51 801 130 -250 697 -397 -446 3 -209 -333 434 25 -213 420 288 181 1308 196 268 1681 92 266 1516 89 165 1097 84 137 1055 
0 1 0
180 185 1012 1 266 1135 84 154 907 93 165 947 210 166 1024 332 193 1041 162 97 1195 92 144 1253 27 74 1088 11 24 993 35 -167 786 -233 -119 963 -183 -113 570 -236 -151 190 -249 -2 677 -41 -73 1008 -78 146 1489 -73 427 1998 57 270 1614 8 32 1059 44 -124 845 -123 -257 629 -41 -315 531 -281 -309 266 -175 -101 522 127 -63 643 23 83 1244 209 185 1902 71 68 1510 54 47 1034 
0 1 0
187 111 982 211 258 1246 118 148 1019 179 125 990 152 160 1059 151 118 1151 89 263 1374 -29 303 1176 117 296 1180 -106 120 934 -33 -110 794 -306 -148 523 -303 -168 290 12 -213 433 -55 -168 386 -62 -137 866 -130 78 1861 18 178 1893 124 116 1368 4 -99 779 -78 -114 789 -203 -286 675 -151 -240 152 -173 -197 657 100 -99 1107 413 174 1378 77 64 1629 53 -129 1337 141 15 866 54 9 765 
0 1 0
32 233 988 144 202 1080 104 214 1017 82 151 915 92 145 1002 191 175 1095 7 213 1426 88 204 1297 -29 91 1027 68 -159 728 -208 -70 923 -156 -160 353 -135 -154 149 -156 -233 192 145 -259 563 30 158 1680 -66 424 1998 -20 232 1597 -59 72 869 -167 -149 608 -222 -123 927 -141 -221 173 -362 -416 -55 -115 -180 800 175 171 1435 471 143 1482 462 135 1586 242 56 1325 50 85 754 35 99 1063 
0 1 0
121 151 886 70 177 987 219 142 982 103 214 1054 56 209 985 53 211 958 111 188 989 115 291 1350 22 293 1388 52 145 1027 57 -26 897 81 -62 886 -129 -182 693 -211 -176 325 -94 -215 339 17 -43 679 58 134 1172 271 273 1775 99 419 1998 144 257 1301 79 71 922 113 -103 659 -331 -223 548 -366 -332 283 -114 -337 281 -37 -57 831 37 163 1316 40 299 1638 263 230 1629 239 175 1397 
0 1 0
86 241 993 -39 337 1053 56 228 967 67 222 1049 -12 205 1036 74 188 1012 229 37 1246 63 -48 1121 56 -20 983 44 -151 792 55 -119 944 -102 -219 289 -104 -210 65 -359 -99 594 -353 127 1125 -143 232 1671 -257 339 1737 -241 450 1768 5 124 961 -299 9 1054 -217 -184 889 -146 -222 339 -325 -365 -4 -185 -71 443 126 200 1071 190 297 1704 197 302 1850 359 201 1183 158 82 806 96 80 789 
0 1 0
102 264 1075 46 222 1073 99 234 1131 141 248 1358 54 259 1428 -41 192 1356 -122 128 1316 -303 136 1127 -236 -106 532 -182 -202 233 -167 -201 388 64 -236 607 -107 64 994 13 314 1714 155 431 1998 174 388 1808 110 212 1191 119 92 896 -284 -158 560 -252 -233 414 -443 -494 80 -231 -351 117 0 177 914 -101 366 1530 75 225 1763 192 76 1383 47 160 1117 54 -8 717 218 146 1281 -73 98 1145 
0 1 0
93 205 1059 112 166 1007 173 122 973 110 197 1030 -25 222 1042 -8 513 1594 -317 198 1394 -123 136 1181 -213 -95 818 -154 -315 741 -179 -302 511 -380 -172 278 -206 -253 394 -367 -91 596 -111 42 1012 -184 430 1784 -9 380 1998 45 114 1575 -74 17 1111 -118 -225 636 218 -306 371 -237 -502 -322 -241 -406 214 94 -132 517 383 15 997 393 170 1646 343 216 1538 103 160 1103 136 63 874 104 84 966 
0 1 0
36 202 1049 91 244 1115 100 198 1009 116 164 956 236 202 1135 72 197 1158 66 134 1185 70 79 1159 168 196 1240 -39 27 1072 -44 -115 606 -463 -68 317 -369 -299 135 -220 -275 553 79 -74 663 -69 296 1497 190 416 1998 -98 589 1998 28 240 1189 117 108 934 -197 -129 654 -323 -303 358 -428 -522 102 -139 -283 469 203 -158 518 192 -41 588 -35 137 845 -22 319 1505 -116 264 1312 16 156 908 
0 1 0
-51 151 939 5 186 1044 117 229 1136 -42 243 1231 65 217 1376 4 194 1396 43 45 1165 -30 -45 1111 -9 -31 935 -162 -50 437 -131 -87 244 -309 -29 433 -110 50 819 -25 413 1584 93 564 1998 49 462 1738 -41 127 1114 13 -214 582 -232 -204 687 -108 -290 161 -22 -349 -111 36 -248 370 150 0 1130 581 138 1909 287 208 1727 169 285 1491 95 161 956 31 109 1013 46 72 1058 30 51 1023 
0 1 0
105 251 987 7 264 1035 111 265 1028 67 258 1240 101 387 1510 117 167 1103 33 55 1177 -214 -104 1187 -102 -38 655 -407 5 515 -139 -142 236 2 -108 683 -162 87 1113 -121 278 1662 144 335 1811 79 243 1595 228 72 1058 -131 -81 706 -56 -141 505 -231 -302 142 -216 -188 201 -417 -143 651 -44 56 954 83 374 1810 247 207 1648 173 164 935 -65 161 864 -6 118 970 8 162 1068 91 96 1024 
0 1 0
-49 276 990 -69 320 1226 34 309 1342 -1 280 1333 -16 146 1259 -70 72 1163 -209 -120 996 -141 -207 620 -171 -203 300 4 -278 250 -58 -173 371 68 -90 662 179 115 1661 56 462 1998 29 374 1679 46 115 1089 103 -72 898 45 -205 722 -240 -292 540 -127 -197 331 -55 -163 437 57 -48 1162 2 272 1521 81 -29 1323 401 198 1520 96 232 1300 38 156 870 78 154 912 27 206 1080 67 122 916 
0 1 0
-190 276 962 16 226 983 46 237 933 -49 219 1372 67 226 1367 -21 176 1200 -122 5 833 -168 -147 662 -132 -299 431 -417 -160 386 -341 -103 148 138 -92 788 -120 81 1243 37 368 1944 122 479 1998 215 221 1259 14 -128 684 -341 -180 600 -178 -306 210 -158 -363 -152 626 -202 350 254 48 1061 -82 292 1998 -64 194 1848 -19 59 603 53 101 768 96 227 1231 93 62 867 116 179 1063 69 217 1126 
0 1 0
110 235 795 25 334 1069 133 299 1046 183 235 1137 30 335 1249 87 149 941 -72 141 1138 -66 168 1413 -353 135 1436 -294 79 480 -189 -190 115 -123 -202 146 -57 -178 468 -57 54 1073 -166 406 1995 -87 509 1998 42 197 1255 -10 -31 790 -113 -154 619 -134 -120 518 -189 -313 19 -55 -138 267 216 -96 737 381 9 1099 104 355 1796 402 375 1998 -4 220 860 163 220 884 16 214 981 -60 294 1107 
0 1 0
-33 180 990 88 221 1113 141 249 981 145 454 1267 -2 396 1355 -20 392 1437 -175 373 1334 85 118 933 -133 7 559 -371 -168 215 -239 -203 225 -186 -57 412 145 -30 725 -114 451 1621 -92 610 1998 89 565 1933 69 305 1198 -11 13 560 -108 -121 315 -331 -194 302 -56 -434 44 14 -189 254 425 -351 416 90 213 861 76 417 1820 10 581 1944 -50 307 861 -25 330 928 2 237 824 60 396 1264 
0 1 0
-176 446 1370 -19 360 964 44 350 946 52 355 931 -8 470 1541 -38 538 1649 -82 331 1185 -12 112 822 -35 -11 996 -169 -191 582 -279 -137 402 -284 -190 142 -156 -100 458 210 32 706 64 388 1610 299 656 1998 131 375 1326 -9 61 841 21 -51 439 -116 -225 340 -276 -223 207 9 -141 453 -116 115 927 301 222 1481 276 413 1667 273 272 1182 217 278 791 141 313 843 90 384 1026 46 356 962 
0 1 0
19 271 907 32 242 910 126 246 989 128 317 1063 65 321 1077 23 312 1200 -103 465 1758 -26 500 1773 -29 217 1202 -365 107 910 -224 -67 229 -119 -260 -112 -388 -70 349 -341 76 661 -328 596 1693 67 558 1996 -65 657 1998 -81 356 1343 130 -1 791 -148 -162 510 -75 -240 305 -124 -255 99 -168 6 579 22 -4 517 -94 448 1538 237 337 1626 175 374 1731 200 356 1188 100 290 984 128 280 930 
0 1 0
95 329 1013 83 363 1114 76 346 1067 102 379 1076 87 507 1625 -49 590 1904 -123 417 1403 -352 299 939 -333 -60 528 -198 -187 69 -264 -279 -190 -93 -115 331 -189 108 826 154 284 1732 158 521 1998 141 543 1834 55 134 970 -243 -8 883 -227 -199 603 -256 -365 298 -21 -389 -30 70 -93 395 -74 -36 554 -154 277 1320 -146 532 1926 -25 317 1423 131 374 1169 114 284 889 116 318 989 128 279 961 
0 1 0
72 246 894 50 339 1090 -45 395 1188 74 376 1144 72 484 1522 69 330 1428 25 398 1519 -447 573 1673 -247 74 653 -317 -116 138 -326 -207 -55 -255 -128 483 121 -130 771 112 95 1486 328 211 1709 84 433 1998 107 193 1398 132 -140 646 4 32 836 78 -68 325 -9 -430 0 -194 -133 510 -118 165 1284 -193 330 1559 451 258 1728 151 367 1680 73 274 1180 47 231 922 150 184 876 100 184 958 
0 1 0
59 297 973 67 356 1015 36 318 944 90 356 1203 95 313 1396 63 286 1248 -125 296 1309 -35 180 1268 -8 40 730 -312 -168 702 -397 -195 518 -162 -396 -13 -199 -100 461 -148 -100 834 -215 369 1435 -168 447 1998 -331 374 1860 -174 345 1565 -23 81 954 -179 -82 627 -245 -147 634 -323 -352 229 -96 -388 110 -113 -267 452 115 -223 666 -21 -5 662 70 231 1389 232 346 1484 133 321 1181 157 267 893 
0 1 0
9 359 961 -14 351 1078 44 298 904 98 559 1497 92 495 1649 117 248 1239 0 215 1282 0 -72 792 -64 -100 224 -228 -160 -154 -142 6 468 -87 -2 818 -90 213 1288 261 83 1352 113 405 1922 126 408 1668 87 238 1132 121 120 984 0 -91 561 98 -389 -5 -345 -391 67 -133 -206 363 296 -114 575 154 204 1065 140 301 1447 -100 515 1623 69 352 1150 -16 294 912 126 284 966 145 242 923 
0 1 0
94 327 1020 48 308 1047 94 310 1006 341 176 1026 177 421 1462 383 375 1208 235 315 990 -215 158 1039 -27 4 570 -338 -101 261 -412 -296 -133 -288 -47 339 -4 237 1169 166 557 1873 182 756 1998 90 489 1495 95 280 1087 25 28 764 74 -102 926 -143 -176 496 -483 -555 -264 -279 -214 155 269 -24 723 437 109 1161 806 72 1250 508 239 1452 384 255 1188 229 344 1056 18 204 754 52 249 900 
0 1 0
88 347 972 58 375 1192 136 333 1081 38 414 1175 220 437 1609 -81 447 1549 75 210 1012 -178 170 967 -197 0 769 -39 -231 369 -313 -246 273 -268 -244 194 -112 -91 444 44 179 1268 109 347 1583 65 640 1998 204 489 1797 126 255 1203 222 147 1018 65 -11 566 -308 -330 286 -539 -394 209 -216 -143 308 233 46 898 447 236 1153 379 375 1563 219 427 1416 -185 218 570 151 592 1460 -86 393 1016 
0 1 0
53 225 947 67 311 1095 37 388 1157 64 406 1124 55 259 1012 182 503 1685 40 343 1553 17 234 1050 -207 -91 477 -253 -113 275 -331 -123 159 -161 -298 5 -150 -56 426 -88 103 860 18 421 1681 -238 758 1998 5 473 1654 -41 158 1050 -146 86 743 -340 -14 600 -310 -384 266 -132 -467 -62 138 -256 89 -123 -67 359 12 551 1663 -4 600 1982 110 256 1278 47 195 820 112 419 1262 77 283 990 
0 1 0
