-96 -106 1010 45 -89 988 122 -60 754 -4 -38 856 -71 187 987 512 89 893 -106 240 886 82 541 1802 -43 317 1524 183 412 1630 283 183 1181 25 -189 512 -77 -264 432 -323 -372 409 -255 -114 316 -406 -110 251 -308 -20 719 201 102 889 402 -50 1090 576 30 1521 467 135 1293 114 218 973 -71 257 943 -26 159 1007 -20 80 1033 47 -42 1004 37 4 1024 120 10 1012 97 70 1176 58 47 1018 
0 0 1
-48 -143 946 -3 -216 843 388 -74 816 279 31 602 -305 246 737 -730 486 1584 -326 716 1997 81 537 1773 44 368 1394 154 72 592 18 78 1022 -65 -254 514 -278 -21 715 -91 -52 418 -304 -10 560 71 65 747 315 192 1235 462 349 1485 361 325 1451 124 322 1203 195 141 845 21 206 929 9 274 1072 -18 260 1023 10 261 1040 -1 230 987 -39 161 929 42 191 984 -29 256 1010 -32 263 1031 
0 0 1
-319 -235 895 451 -346 635 109 -109 694 -262 96 959 22 236 1090 67 233 1229 -114 490 1989 209 384 1454 358 365 1484 56 339 1365 118 159 1108 -58 4 988 -52 -128 684 -336 0 809 -360 -63 362 -95 20 489 96 15 774 -139 165 851 638 472 1702 552 351 1446 223 295 956 173 312 911 11 321 1071 140 324 1160 46 233 936 -30 269 982 70 259 972 30 254 1024 38 224 987 59 198 962 
0 0 1
-158 -308 948 -34 -262 891 132 -139 844 250 -276 690 155 -68 908 534 -104 818 -56 71 1022 -52 159 1320 253 324 1274 33 388 1489 246 259 1563 261 256 1201 116 -84 763 -390 163 829 18 -289 338 -251 -340 171 -331 -157 386 -328 -213 254 -541 94 545 -340 60 487 0 355 1129 101 323 1540 432 183 1449 588 137 1365 319 75 1154 131 104 1008 28 120 922 68 116 960 74 86 947 -2 66 1000 
0 0 1
7 -376 667 -123 -278 851 66 -134 803 -89 93 1080 23 111 1249 340 126 1265 426 64 954 47 279 1438 -53 376 1486 67 305 1276 127 371 1542 162 216 1302 -10 110 1206 -75 131 1074 -193 60 888 -272 -61 562 -254 -87 664 -178 -183 652 -338 -98 737 -313 18 759 -333 292 1231 -47 256 1358 243 151 1521 388 -112 1134 436 -5 1104 243 79 1073 124 179 1127 150 66 948 114 169 975 72 162 1044 
0 0 1
-294 -427 888 -128 -340 1030 -142 -284 996 75 -247 887 168 -225 731 304 -266 709 279 -207 688 -175 66 1295 38 57 1417 146 -25 1158 38 115 1328 177 39 1357 89 21 1364 171 -144 797 -6 -339 444 -128 -297 404 -81 -420 434 -98 -386 296 -316 -216 451 -473 -151 555 -292 -48 718 -100 92 999 200 327 1472 335 281 1473 519 225 1418 412 150 1305 244 47 1057 102 45 863 119 52 927 71 13 857 
0 0 1
-97 -276 972 -83 -255 1019 102 -145 920 225 -204 840 75 -179 787 218 -82 1196 247 7 1144 120 68 941 -166 213 1276 3 285 1489 188 355 1561 162 182 1388 203 115 1431 149 168 1219 41 153 1301 -70 -19 1135 -244 -72 714 -311 -81 793 -248 -132 733 -272 -36 634 -371 -52 433 -191 104 717 268 354 1435 762 63 1122 489 130 1233 238 37 993 128 117 1075 118 83 1025 22 82 1020 54 15 941 
0 0 1
-127 -215 1003 -221 -158 1115 -137 -186 1021 -98 -158 1096 -43 -186 829 73 -8 792 6 125 1190 402 -182 870 354 -184 724 -340 151 1576 30 321 1663 232 284 1403 437 258 1515 77 297 1861 -65 -91 877 -303 -63 1123 -414 -310 457 -445 -45 603 -207 -250 363 -277 -151 776 -97 -159 715 -171 -192 432 -39 41 850 106 166 1213 651 67 1311 504 298 1605 186 204 1201 -52 167 1251 0 53 908 -16 39 861 
0 0 1
-114 -207 949 151 -131 1008 87 -80 866 131 -71 1026 363 -41 949 399 -84 958 98 12 972 -37 160 1301 -129 266 1464 -9 334 1341 634 363 1861 402 245 1384 371 -23 755 57 -309 400 -379 -325 469 -52 -228 557 -199 -254 374 -405 -106 642 -138 -108 820 118 -38 926 381 -40 1010 604 -180 883 577 26 1147 423 84 1153 276 95 1267 143 82 939 15 146 1087 15 27 992 103 96 1138 69 -23 890 
0 0 1
84 -270 1013 113 -308 900 37 -259 823 166 -248 702 134 -183 708 305 -236 498 -110 221 1239 -27 276 1472 74 265 1453 -30 486 1902 339 295 1267 317 282 1606 154 338 1538 -306 144 992 -264 140 1153 -86 104 1125 -149 -50 702 -374 -53 585 -324 -11 822 -240 2 650 -198 64 833 -432 165 864 233 337 1372 505 276 1510 546 202 1245 186 277 1149 187 167 931 77 134 1092 156 147 1081 71 200 1213 
0 0 1
-116 -314 971 -135 -260 1006 -142 -237 1119 -58 -296 1040 42 -275 887 77 -245 816 274 -216 612 7 -106 489 -96 -15 827 153 -53 1057 -68 310 1326 148 347 1381 366 250 1203 332 263 1489 497 131 1211 325 -132 711 -127 -46 657 -111 -57 537 -354 -5 574 -469 -31 681 -379 99 538 -359 236 799 -226 269 1211 -39 290 1363 459 162 1576 564 79 1403 16 83 1015 126 90 971 -28 141 1013 35 152 1095 
0 0 1
-49 -123 956 -1 -61 1009 73 14 837 279 11 779 423 -215 712 415 -276 463 352 -63 678 -188 722 1696 177 292 1393 387 428 1354 534 257 1568 239 41 1080 3 -322 332 -190 -27 645 -243 98 505 -387 -127 216 -475 -25 513 -262 -12 671 -620 74 657 -335 229 1106 964 115 1224 402 165 1399 354 227 1297 126 189 1145 18 138 988 26 59 807 97 5 861 62 173 1466 60 113 933 26 105 1123 
0 0 1
-93 -235 878 15 -136 1085 86 -8 770 483 -182 407 505 -129 645 61 153 912 -49 265 1235 -115 346 1265 156 350 1311 259 337 1444 400 36 1112 257 -137 796 -116 -495 157 -180 -243 295 -288 -184 323 -402 -176 404 -466 81 597 -392 46 474 -251 284 909 -15 309 1418 157 465 1940 219 169 1219 221 210 1009 44 96 796 -67 143 934 -101 141 989 -143 117 1001 118 142 1104 -47 164 1093 -9 185 1197 
0 0 1
-70 -308 685 -96 -159 1051 -203 -91 950 135 -102 782 365 -57 755 298 -19 876 257 -71 749 -657 451 1193 -106 495 1541 -67 488 1382 149 433 1532 136 386 1389 64 249 1251 149 -92 625 36 -124 517 -373 27 682 -421 -127 493 -474 52 733 -286 179 727 -321 486 886 -77 289 1202 327 399 1341 456 511 1645 176 312 1224 31 278 977 145 181 966 -22 147 1106 111 106 1066 32 98 1093 21 73 1085 
0 0 1
-105 -315 855 -86 -154 1139 -27 -231 847 85 -194 877 79 -138 521 -86 -65 794 -57 313 1274 200 276 1225 185 148 1095 114 268 1309 319 373 1555 196 403 1687 124 316 1416 58 253 1379 -21 61 1003 -100 208 926 -374 -159 457 -544 -24 636 -437 76 780 -195 120 821 -156 96 765 -285 190 838 469 -39 1390 563 -56 1297 211 88 1149 193 145 1109 0 147 1103 0 102 1014 22 158 1092 -22 126 1138 
0 0 1
-30 -246 844 -18 -102 1031 97 -153 679 294 -50 823 347 -141 514 6 28 858 -209 299 1065 41 340 1073 180 575 1475 87 538 1597 183 443 1552 204 477 1617 79 245 1186 -171 223 1354 258 -137 932 59 -162 358 -330 -141 294 -359 -2 652 -208 172 892 168 -60 555 106 288 1221 213 154 1542 516 236 1580 370 99 1108 103 296 1443 -50 75 890 72 150 1007 40 97 999 -14 162 1136 -4 150 1097 
0 0 1
-84 -164 981 -63 -140 1153 64 -102 907 232 -37 749 549 -188 654 142 -102 735 443 11 828 23 238 1174 -49 395 1607 222 337 1197 308 320 1327 109 301 1615 45 209 1337 -301 437 1263 -242 57 880 -319 204 611 -297 -58 676 -204 -31 578 -467 58 673 -505 158 826 82 300 872 637 484 1572 1149 167 1357 379 94 1320 25 192 1239 42 50 897 -72 86 986 -156 69 1046 87 86 1052 -40 66 1021 
0 0 1
-76 -162 1011 -1 -104 1074 216 36 1041 116 -127 932 50 -62 831 336 -64 824 192 -24 901 137 -2 794 -53 343 1264 21 376 1729 273 423 1472 407 207 1407 424 11 1214 359 -133 865 50 -205 402 -222 -143 462 -267 -71 489 -391 -114 562 -392 -136 450 -468 203 625 -337 196 682 -85 231 1111 499 280 1649 615 84 1247 232 189 1204 309 77 816 107 160 951 91 9 867 -51 58 1116 -75 22 942 
0 0 1
-164 -213 929 -97 -193 1000 -110 -200 827 39 -95 811 554 -196 621 351 -162 414 252 33 1004 279 219 1013 -85 558 1408 86 530 1325 264 479 1413 509 582 1731 487 62 876 149 -1 740 -95 -313 393 -257 -59 177 -433 -154 210 -533 -1 536 -485 138 721 -370 237 833 -84 321 1350 899 356 1909 691 405 1693 114 184 1334 30 36 950 -80 135 1094 -178 127 1231 19 21 1023 -78 8 1020 98 -21 1051 
0 0 1
-15 -173 964 -110 -142 1000 131 -137 874 106 -16 895 330 -158 674 -98 133 1095 -19 333 1370 1 344 1214 310 591 1690 280 469 1407 334 396 1686 389 312 1371 70 285 1343 -12 160 855 -302 366 976 -326 71 465 -511 -57 571 -469 81 805 -84 -33 633 73 38 677 -116 41 802 701 -2 1099 513 96 1246 138 74 1060 22 81 929 -12 167 1217 53 44 1048 -6 20 1084 -92 -11 942 5 -9 957 
0 0 1
-70 -157 1093 44 -151 1083 59 -196 935 99 -174 899 142 0 927 455 -131 861 208 -42 733 61 173 1001 156 303 1199 279 364 1224 281 241 1397 450 288 1396 511 276 1569 248 231 1327 -35 15 758 -295 -372 290 -21 -325 80 -468 -267 256 -392 -86 490 -282 102 683 -189 -9 716 -3 92 1174 32 181 1679 438 170 1632 189 218 1476 129 11 882 29 191 1439 -162 16 1084 -13 39 1090 15 42 1138 
0 0 1
-62 -148 1059 36 -198 983 -34 71 750 79 -144 442 521 -77 533 380 384 1371 378 474 1392 409 475 1201 237 349 1028 453 412 1459 566 247 1193 373 127 850 -168 43 985 52 126 1018 -71 120 939 -423 63 729 -313 5 677 -491 239 734 -233 231 845 -88 436 1585 575 314 1785 717 381 1712 237 244 1280 126 244 1310 37 136 996 199 139 1133 47 23 925 65 21 930 168 182 1189 93 208 1204 
0 0 1
-94 -99 1038 -155 -85 1120 -108 -142 977 -4 -153 1067 -22 -117 989 145 -23 906 467 -260 538 275 -136 689 459 128 1286 315 419 1571 347 298 1019 350 455 1390 302 474 1300 526 451 1840 277 146 1129 223 -5 881 229 -188 780 -29 -65 694 -216 -108 469 -369 -40 613 -216 -25 739 -554 10 661 -408 10 452 -247 163 679 -300 243 1013 513 178 1062 436 149 1112 165 177 1086 -8 67 846 178 155 870 
0 0 1
-104 -204 1067 -49 -187 1080 45 -163 1034 46 -113 1063 212 -14 955 280 81 1095 236 106 1092 396 -204 554 325 -31 564 -156 563 1655 197 536 1553 289 383 1478 208 512 1717 48 373 1381 -201 324 1389 -314 327 1223 -282 -32 553 -353 39 680 -257 92 771 -375 69 834 -236 94 732 193 203 943 719 134 1223 701 198 1324 399 133 1255 265 129 982 156 111 902 -21 227 1116 0 258 1166 120 167 1143 
0 0 1
-84 -71 1100 -56 -44 1089 -203 -60 1142 -71 -168 1010 -27 -170 841 52 -54 712 367 32 987 235 140 1119 246 1 602 44 394 1416 183 450 1235 182 282 997 266 441 1285 565 372 1525 454 95 908 198 -178 623 74 -152 641 -256 -97 649 -281 -98 371 -378 -6 530 -439 204 844 -85 120 803 139 266 1158 373 209 1105 384 186 1517 648 164 1345 389 129 1117 105 135 876 50 300 1070 -8 263 1151 
0 0 1
-56 -143 955 -114 -151 1002 -32 -60 1070 135 -129 780 36 -35 738 55 -14 882 66 13 869 -49 238 1134 -56 366 1311 94 470 1318 62 564 1473 159 574 1579 410 398 1409 253 419 1551 -53 251 1439 -45 83 925 -52 73 998 -118 34 695 -359 72 909 -358 98 877 -145 246 1062 -102 271 1164 21 256 1370 -31 -61 1143 -13 -58 1230 180 -15 1049 -140 92 1125 -229 -14 915 -83 1 942 -172 60 1025 
0 0 1
-157 -201 1006 -119 -186 1038 -156 -228 1088 -36 -273 876 32 -217 990 147 -208 750 116 -89 843 359 -189 768 -285 55 1022 73 173 1557 109 222 1316 100 448 1513 141 418 1511 245 293 1378 337 288 1528 213 278 1319 170 -25 814 71 5 745 -296 -11 796 -359 72 921 -439 86 875 -270 70 744 211 -6 686 300 178 1161 711 201 1332 690 232 1486 425 325 1477 128 204 921 138 244 1208 142 125 981 
0 0 1
-2 -200 989 -102 -116 1032 -40 -70 837 202 -91 795 100 18 722 78 255 1170 232 244 1141 319 240 985 97 344 969 115 417 1245 167 467 1472 299 375 1309 239 340 1063 52 102 862 -187 25 826 -233 -51 825 -221 -109 651 -336 -17 678 -424 79 702 -273 109 788 -372 83 685 132 158 1010 363 220 1398 192 235 1210 14 170 985 15 227 907 -42 283 1043 -24 321 1149 -16 274 1064 66 108 798 
0 0 1
-203 -175 1013 -148 -85 1119 -11 -121 1039 -42 -87 1089 114 16 836 503 -207 706 123 -69 733 -239 247 1115 -283 502 1514 -121 516 1521 54 455 1352 252 434 1506 274 311 1521 125 286 1371 66 166 943 -63 27 774 -166 -53 451 -286 -209 405 -236 -120 493 -189 119 802 -427 360 1084 468 304 1141 676 279 1301 953 319 1460 280 297 1239 -64 234 957 83 223 977 81 139 896 119 209 1045 128 151 971 
0 0 1
-72 -240 921 -184 -182 1100 -81 -211 992 -90 -218 1110 -63 -227 1011 111 -106 863 461 -217 680 385 -47 615 190 -77 579 1 338 1196 31 167 1104 263 316 1544 589 317 1396 564 276 1472 192 183 1209 36 -157 603 -36 -159 489 -243 -29 397 -515 31 547 -486 15 654 51 59 814 181 284 1130 588 218 1101 975 386 1625 102 381 1515 74 239 1124 -25 229 987 -36 183 972 20 102 896 -17 73 929 
0 0 1
-117 -103 924 -77 -26 1149 -203 -41 1149 -113 -105 1079 32 -31 1180 73 -37 1131 87 -53 1017 80 -78 842 -33 -13 809 -304 78 819 -348 114 1024 -766 293 1195 -869 237 1128 -357 321 1171 -122 35 707 222 39 657 330 -35 665 363 206 1082 275 209 1174 179 391 1272 174 312 1128 -188 335 1070 13 363 1165 -87 373 1126 -100 262 1051 -143 269 1006 -10 211 993 99 223 1072 31 234 1051 1 248 1080 
1 0 0
-123 -40 1072 -59 -113 973 -31 -104 987 0 -69 1126 127 -70 1058 19 -34 1073 141 -29 989 60 1 892 -239 142 898 97 52 750 -437 184 804 -957 257 1105 -967 250 1096 -341 191 1039 -46 -3 1033 8 19 840 129 -16 740 312 -19 698 313 100 866 335 267 1236 544 242 1160 93 244 992 -213 258 976 -186 327 1084 -339 311 1032 -201 284 1040 -168 245 1045 -53 216 993 50 333 1220 21 184 945 
1 0 0
-54 -129 872 -118 -28 1066 -31 -43 1078 7 6 1166 42 -3 1122 81 -15 1064 42 -2 1090 114 0 981 -31 -79 755 -38 45 780 -156 30 682 -435 228 1153 -549 362 1568 -462 472 1551 -231 231 1228 -114 90 1022 -104 60 747 99 -30 466 692 -82 634 504 110 1064 575 124 1073 182 325 1202 363 321 1183 205 100 962 70 94 968 -182 150 1101 -164 141 1045 -53 78 1036 115 62 1003 130 52 1028 
1 0 0
-103 -62 1070 -84 -16 1075 -12 -81 1109 1 -118 1003 147 -103 1081 185 -122 1001 57 -120 952 -145 -47 871 -231 -21 828 -340 48 957 -289 46 865 -497 160 1104 -824 277 1431 -385 228 1248 -134 93 1026 111 -62 719 75 -117 531 290 -102 555 303 115 998 240 210 1198 552 218 1118 506 207 1011 216 327 1145 162 272 1033 -109 216 969 -257 122 971 -74 220 1054 132 155 994 143 129 1026 101 138 1061 
1 0 0
-72 -86 993 -31 -43 1099 -11 -64 1149 67 -53 1155 77 -79 1076 104 -63 1025 83 -22 1011 155 -61 883 45 4 862 -204 73 895 -438 11 788 -673 84 1076 -859 233 1453 -266 218 1239 184 6 1159 -160 202 1103 1 55 778 448 13 740 359 84 848 433 162 1135 367 237 1296 38 192 1162 -173 231 1104 -179 229 1104 -53 110 904 -63 158 1070 -153 122 979 -1 122 1020 106 148 1014 41 130 994 
1 0 0
-55 -139 946 -7 -21 1165 59 -106 1019 -29 -82 1144 78 -81 1089 134 -14 1060 184 -31 1000 -24 -53 804 -87 -62 785 -93 173 934 -358 101 844 -452 158 948 -597 270 1318 -341 204 1182 -83 151 1016 -159 -50 673 -54 26 566 449 83 537 820 71 757 379 215 1127 134 268 1161 183 316 1238 289 288 1098 81 124 838 76 141 917 -87 218 1129 -80 193 1075 -17 206 1061 55 201 1059 59 152 1036 
1 0 0
-116 -58 1056 -117 -54 1139 -35 -133 1015 0 -139 1012 74 -128 1009 46 -71 987 102 -42 976 79 -18 1002 -235 -5 932 -131 57 943 -16 47 845 -310 144 818 -502 163 1039 -820 362 1204 -340 399 1324 16 298 1068 41 169 943 145 139 936 344 -12 731 511 14 786 384 199 1135 480 223 1267 479 42 918 206 250 1161 -134 274 1106 -177 141 1030 -195 151 995 -57 95 967 -17 165 1118 34 116 1053 
1 0 0
-10 -136 955 -127 -105 1134 21 -158 1007 -2 -143 1061 96 -181 970 167 -137 1097 115 -168 1072 174 -201 883 166 -219 754 114 -178 748 -334 4 784 -255 135 734 -1021 92 1121 -931 113 1400 -360 178 1301 -159 30 965 -150 -76 813 -181 -134 597 57 8 651 968 195 1055 250 197 1209 382 70 1170 301 121 1144 260 190 1098 37 68 956 -247 35 962 -10 45 992 -170 67 1090 -83 77 1107 -9 150 1214 
1 0 0
20 -112 990 -75 -40 1144 4 -139 991 15 -130 1081 234 -108 1255 199 -129 1049 165 -122 946 31 -130 950 116 -27 959 20 -12 893 -232 -49 698 -506 38 993 -568 75 1049 -734 180 1213 -562 281 1343 -220 80 1054 -269 77 884 -36 -24 657 229 36 725 576 101 814 400 204 993 397 192 1100 72 217 1308 89 173 868 -251 125 979 -106 195 1070 -151 151 1005 -203 137 1058 -20 109 960 90 97 981 
1 0 0
-5 -60 991 -17 -38 1078 153 -21 1133 50 -38 1049 215 -23 1080 380 -38 1010 365 -131 853 -249 -36 797 60 -50 724 -660 -15 897 -519 -32 1114 -573 72 1316 -163 91 1121 -100 126 911 303 33 643 391 153 706 312 54 979 494 153 1097 268 172 1082 -124 339 1243 -209 262 1099 -312 198 1002 -193 160 952 21 97 927 222 72 922 9 105 968 25 138 990 3 104 1015 46 71 1025 20 119 1066 
1 0 0
-75 -233 1064 -241 -203 1092 -51 -271 1076 19 -267 1061 27 -185 1121 236 -186 1072 63 -220 995 48 -150 976 -166 -158 851 87 -116 808 -523 -82 968 -640 63 1122 -866 144 1353 -540 81 1156 -299 103 1134 -5 18 786 112 20 720 451 -75 591 371 66 1024 663 212 1253 168 119 1156 33 241 1236 -89 391 1277 -326 239 1151 -286 234 1075 -65 175 1061 58 128 1035 103 101 1066 70 104 1051 97 75 997 
1 0 0
40 -115 1041 -38 -60 1138 110 -170 1051 120 -89 1098 119 -116 1141 299 -119 1030 22 -119 919 31 -75 937 -114 -83 825 -76 42 813 -514 125 1050 -867 112 1161 -708 201 1188 -501 197 1165 -154 47 923 160 2 760 382 -28 740 453 -10 761 643 -53 930 494 231 1328 510 169 1039 94 323 968 -359 130 1005 -328 236 1102 -155 177 1025 29 138 1022 29 149 1063 86 106 968 -14 140 1032 57 126 1058 
1 0 0
157 -286 940 -16 -223 995 -99 -224 1056 0 -264 1065 -65 -199 1093 121 -220 1073 168 -229 1062 166 -237 991 202 -241 891 251 -222 819 -73 -205 830 -207 -149 837 -528 -59 924 -639 75 1141 -551 80 1231 -205 63 1108 -90 -16 919 156 -45 737 371 -61 688 312 -124 729 388 -33 1076 322 167 1326 166 171 1212 -108 251 1180 -397 194 1183 -134 178 1007 -210 149 1025 -47 98 977 17 100 1048 71 106 1059 
1 0 0
165 -266 742 92 -171 1046 130 -195 942 172 -194 1073 214 -134 1182 154 -111 1060 154 -181 959 159 -176 881 -115 -131 893 205 -46 799 -92 -109 722 -560 -84 959 -806 45 1409 -449 41 1327 -138 -12 1065 44 -53 885 108 -92 744 285 -108 707 331 -40 814 419 23 953 652 194 1230 508 170 923 -64 194 1023 -103 295 1155 -127 222 1058 -140 229 993 -12 122 957 114 143 1070 161 53 962 71 83 982 
1 0 0
-41 -108 1105 7 -26 1249 111 -110 1062 183 -100 1155 169 -79 1082 285 -118 1088 136 -119 986 178 -121 972 63 -192 916 -161 -198 900 -102 -48 991 -212 -36 902 -417 -1 972 -390 -93 1148 -595 -76 1212 -362 7 1226 -100 14 1086 3 -35 993 9 -24 827 564 6 838 283 74 1088 437 167 1106 348 101 1122 15 196 1241 -3 174 1058 -82 198 1105 -109 43 922 -87 93 976 -78 109 1098 -34 78 1051 
1 0 0
13 -255 801 -68 -194 1027 106 -298 1052 103 -211 1107 0 -216 1026 133 -246 842 -30 -235 866 93 -181 1031 13 -151 941 59 -86 964 -258 -70 912 -331 -60 793 -689 11 1070 -640 111 1312 -558 3 1207 -303 -160 876 -83 -163 761 -1 -55 748 267 -124 696 199 106 1164 296 55 1124 478 109 1319 490 182 1158 229 200 998 -385 82 1040 -281 51 1057 -158 113 1095 26 39 1009 -2 40 1036 2 86 1076 
1 0 0
-60 -220 836 -49 -134 966 59 -132 1153 201 -76 1390 139 -116 1150 146 -112 1003 219 -253 874 69 -177 927 282 -259 872 -251 -137 826 -199 -134 705 -566 29 931 -488 -75 1189 -560 82 1427 -270 132 1324 -74 88 1123 -115 43 1069 -49 -115 744 241 -50 600 566 -85 709 599 35 912 173 267 1295 439 301 1247 -94 296 1338 116 267 1186 23 312 955 -126 158 869 -108 166 1004 119 110 981 131 132 1024 
1 0 0
8 -30 980 -62 -15 1178 69 -133 1069 32 -56 1249 173 -31 1164 57 -154 1027 98 -145 1030 3 -236 951 -144 -180 947 -39 -247 747 -464 -80 795 -706 10 915 -723 62 1038 -673 162 1265 -382 165 1269 -146 73 1137 157 90 871 219 59 947 356 -123 704 315 10 875 933 201 1150 549 152 1173 314 204 1197 -256 113 979 -117 125 1091 -205 106 1044 -163 125 1021 -30 78 1021 37 61 1042 73 61 1036 
1 0 0
275 -190 861 -2 -71 1096 75 -118 1178 177 -165 1071 255 -136 997 100 -185 860 -150 -234 944 -259 -179 959 2 -137 841 -28 -122 789 -178 -85 827 -378 91 1012 -461 103 1202 -543 166 1339 -191 157 1153 -87 27 905 -13 -54 766 110 -125 642 367 -130 658 601 16 1168 727 79 1118 402 226 1169 172 310 1078 -174 352 1095 -278 295 1190 -160 248 1027 -71 245 1021 120 141 1065 30 168 1121 26 105 1040 
1 0 0
57 -120 964 30 -93 1168 235 -132 1124 148 -134 1047 181 -149 1052 95 -209 993 103 -190 974 66 -136 958 -109 -132 870 117 -67 748 -222 -95 753 -456 10 919 -658 246 1194 -642 353 1403 -343 320 1239 -203 126 1027 -201 -76 595 158 -103 691 518 -90 808 371 53 1015 661 143 1055 270 350 1383 28 249 1069 -226 308 1168 -512 272 1276 -313 222 1152 -123 132 1082 13 106 1010 3 53 1006 -1 38 1004 
1 0 0
-40 -197 1047 -79 -25 1181 18 -145 1212 6 -158 1197 155 -165 1198 151 -210 1028 -48 -176 931 67 -310 827 134 -249 949 -3 -235 902 -273 -179 798 -325 -130 784 -370 -39 790 -845 144 1168 -726 118 1244 -278 150 1139 -146 47 930 -63 26 609 149 72 807 451 7 888 616 -51 1072 442 47 1150 50 288 1202 43 351 1077 -63 248 1029 -125 139 879 -186 127 888 -49 68 929 -36 61 981 120 79 988 
1 0 0
-32 -254 800 -72 -112 1016 78 -245 1031 110 -104 1261 176 -143 1159 177 -198 1079 175 -213 967 214 -224 938 266 -248 830 -70 -123 856 -292 -213 722 -349 -99 823 -364 -102 1043 -542 87 1224 -623 226 1397 -299 192 1325 -55 158 1101 122 46 755 223 -60 650 623 36 866 567 124 1100 522 394 1634 2 250 1231 -383 294 1146 -435 209 1153 -299 184 1113 -99 111 1029 57 34 971 3 8 990 -33 65 1059 
1 0 0
-121 -203 1086 -192 -149 1150 -143 -132 1175 -39 -149 1205 -11 -168 1136 34 -178 1155 172 -142 1149 55 -153 1083 216 -210 952 154 -241 668 47 -197 711 -355 -49 760 -715 19 1033 -1084 109 1165 -831 107 1293 -512 107 1106 -74 -36 815 151 -105 592 142 -113 749 624 -66 798 432 70 1062 639 151 1187 237 160 1030 167 251 1070 -108 148 1049 -315 276 1321 -47 171 1054 45 94 1003 162 96 1025 97 62 1010 
1 0 0
-23 -81 1037 -28 -68 1096 0 -121 1099 124 -56 1244 179 -168 1029 191 -166 948 203 -119 851 12 -103 758 -600 -35 786 -491 3 813 -569 67 1149 -863 97 1170 -614 119 1095 -392 143 961 128 -59 691 417 -67 713 472 -40 845 361 97 1146 532 220 1326 -195 128 1267 -116 208 1136 -144 228 1073 -356 129 1076 -182 159 1110 52 109 1053 32 109 1097 18 70 1028 17 48 1043 -14 73 1057 27 75 1085 
1 0 0
61 -90 896 -55 55 1210 31 -58 1208 -30 -109 1094 77 -108 1053 89 -109 1075 70 -81 998 224 -99 961 -198 -171 776 -316 -143 899 -276 -126 798 -352 -6 861 -747 47 1112 -859 81 1249 -478 163 1333 51 124 1104 -120 -166 707 24 -183 599 447 29 971 599 41 981 646 47 1211 334 85 1365 19 77 1077 -116 7 900 -48 24 833 -308 76 874 -331 -22 1054 34 -28 1010 48 22 1078 -91 52 1103 
1 0 0
46 -125 1003 42 -78 1059 120 -84 1152 21 -67 1223 163 -78 1145 197 -167 1050 177 -167 1007 328 -209 839 -13 -140 874 -12 -106 812 -24 -62 859 -152 -43 1079 -614 112 1192 -665 201 1344 -386 227 1211 -187 66 931 -86 15 723 433 -69 657 746 -67 729 910 144 1187 535 32 910 302 112 964 259 30 838 -196 63 1035 -231 61 1106 -237 27 1042 -58 68 1123 22 23 998 3 14 1005 -9 -31 950 
1 0 0
96 -217 833 -46 -108 1126 170 -92 1175 108 -69 1329 205 -139 1188 198 -185 1012 226 -191 802 -8 -108 832 -131 -96 793 -478 -160 666 -537 8 961 -518 44 1060 -898 182 1247 -540 163 1119 -202 76 863 204 -56 725 560 -105 778 706 -85 771 706 28 873 361 240 1277 47 339 1191 -114 205 1106 -359 175 1158 -215 123 1033 -47 118 1019 46 84 1018 86 79 1038 63 17 912 68 61 1016 -34 106 1122 
1 0 0
82 -151 978 -104 -33 1192 59 -162 1093 80 -127 1123 142 -190 1023 124 -152 1098 278 -250 970 329 -206 1001 297 -176 1023 99 -84 1003 -193 -66 971 -583 30 623 -754 -5 1122 -786 -87 1050 -861 -67 1048 -384 -13 951 -304 -13 628 80 107 863 452 42 1043 492 0 1032 525 28 1045 438 66 1118 275 240 1134 -167 145 1081 -269 87 1034 -313 90 1083 -202 75 1028 -40 63 1052 19 56 1062 13 63 1079 
1 0 0
58 -247 695 -62 -100 996 59 -168 1117 63 -203 1045 144 -181 1046 212 -212 971 162 -159 1062 293 -92 1073 281 -162 926 72 -171 943 -101 -237 806 -322 -96 885 -327 -57 921 -619 -9 1005 -893 17 1093 -677 112 1172 -407 132 1145 -270 34 878 -144 56 713 265 11 709 874 18 912 637 325 1376 659 170 1164 476 162 1130 46 202 974 -521 155 1183 -303 70 977 -132 64 981 72 -18 930 100 14 1003 
1 0 0
-38 -127 1078 -112 -148 1124 -62 -127 1106 -71 -119 1191 -16 -181 1029 73 -218 1002 121 -179 1025 197 -197 1083 120 -179 1089 101 -180 895 288 -227 809 257 -249 717 -199 -167 693 -164 -53 1078 -124 72 1134 -676 78 1018 -748 84 1038 -433 74 1010 -219 30 975 -185 25 1107 -239 -36 934 83 -26 687 438 -65 793 545 -53 964 647 160 1106 575 222 959 328 196 1108 -220 48 1041 -156 19 957 -52 55 962 
1 0 0
-19 36 902 -37 203 1189 4 136 945 9 163 1026 -33 295 1263 -89 313 1329 -109 281 1337 -138 159 952 -185 211 1072 -335 34 628 -377 -141 26 -157 12 355 219 62 1211 128 562 1998 243 370 1588 149 153 1114 5 -64 785 -133 -235 494 -185 -374 5 -77 -120 618 222 19 828 301 293 1311 -22 395 1704 45 167 1183 77 116 871 84 84 832 29 135 1035 6 169 1134 67 92 925 62 125 1033 
0 1 0
53 171 1004 -31 218 1006 73 162 1005 31 181 1268 -169 249 1442 -143 245 1399 -165 151 1298 -289 200 1223 -309 32 842 -242 -72 481 -92 -176 96 -112 -77 698 64 -46 1079 -113 336 1848 125 256 1674 28 80 1070 17 -170 700 105 -216 641 -46 -249 500 -72 -286 336 54 -139 451 206 -149 671 36 143 1367 -176 218 1552 122 85 1330 86 -20 846 209 49 929 76 -6 893 74 42 961 10 91 1005 
0 1 0
26 183 951 5 187 965 116 152 945 29 152 903 27 215 1160 -87 200 1285 85 207 1324 111 176 1230 29 1 901 -15 -69 904 -165 -162 825 -243 -193 616 -55 -189 499 -35 -209 621 221 -105 865 84 -17 1286 -24 238 1897 94 173 1510 169 122 1130 44 -25 972 -25 -216 680 -210 -230 687 -311 -266 282 -95 -75 613 142 -32 834 385 -21 887 553 225 1539 206 40 1222 155 140 1192 -23 151 969 
0 1 0
106 98 850 -45 255 1137 105 116 941 -3 222 1152 71 158 1065 18 165 1251 -11 134 1345 -53 163 1285 -149 47 1026 -250 35 1127 -310 -1 1087 -135 -144 391 -185 -191 116 -330 -65 664 -70 -1 1030 119 122 1439 19 323 1998 79 199 1715 37 -17 1021 -58 -191 635 1 -202 540 -56 -253 359 -124 -297 167 88 -256 566 308 -249 731 304 245 1372 277 20 1349 268 107 1354 191 43 973 -3 37 827 
0 1 0
160 155 913 145 236 1140 82 179 984 70 192 968 175 258 1086 70 197 1155 133 150 1316 65 1 926 0 -18 1039 3 -135 626 -86 -38 778 -163 -166 658 -229 -158 768 -302 -125 332 -155 -275 175 -63 -239 668 -49 61 1335 8 164 1771 12 235 1783 74 10 1284 102 -123 898 123 -221 629 108 -277 237 -338 -350 219 -162 -351 402 -51 65 922 283 356 1493 244 392 1948 219 188 1402 57 78 965 
0 1 0
73 175 935 79 214 1058 122 131 883 89 172 965 129 200 988 73 176 892 92 191 998 194 195 1329 -4 248 1286 -28 158 1113 -41 -3 866 -112 72 1070 -206 -109 899 -192 -96 724 -245 -80 277 -163 -34 725 4 -110 792 -132 114 1371 -9 288 1920 150 211 1564 120 46 1081 13 -97 767 -108 -138 888 -100 -281 249 -380 -270 420 -39 25 750 301 165 1346 591 14 1271 479 137 1490 227 134 1266 
0 1 0
123 176 1062 111 160 1022 111 194 1034 164 141 956 138 161 1059 122 225 1157 160 88 887 92 136 1280 -1 141 1223 -78 50 1053 -190 17 955 -221 -141 676 -262 -132 432 -257 -253 214 0 -122 466 -50 71 951 63 205 1757 179 440 1998 240 258 1501 53 6 873 137 -51 801 130 -250 697 -397 -446 3 -209 -333 434 25 -213 420 288 181 1308 196 268 1681 92 266 1516 89 165 1097 84 137 1055 
0 1 0
180 185 1012 1 266 1135 84 154 907 93 165 947 210 166 1024 332 193 1041 162 97 1195 92 144 1253 27 74 1088 11 24 993 35 -167 786 -233 -119 963 -183 -113 570 -236 -151 190 -249 -2 677 -41 -73 1008 -78 146 1489 -73 427 1998 57 270 1614 8 32 1059 44 -124 845 -123 -257 629 -41 -315 531 -281 -309 266 -175 -101 522 127 -63 643 23 83 1244 209 185 1902 71 68 1510 54 47 1034 
0 1 0
187 111 982 211 258 1246 118 148 1019 179 125 990 152 160 1059 151 118 1151 89 263 1374 -29 303 1176 117 296 1180 -106 120 934 -33 -110 794 -306 -148 523 -303 -168 290 12 -213 433 -55 -168 386 -62 -137 866 -130 78 1861 18 178 1893 124 116 1368 4 -99 779 -78 -114 789 -203 -286 675 -151 -240 152 -173 -197 657 100 -99 1107 413 174 1378 77 64 1629 53 -129 1337 141 15 866 54 9 765 
0 1 0
32 233 988 144 202 1080 104 214 1017 82 151 915 92 145 1002 191 175 1095 7 213 1426 88 204 1297 -29 91 1027 68 -159 728 -208 -70 923 -156 -160 353 -135 -154 149 -156 -233 192 145 -259 563 30 158 1680 -66 424 1998 -20 232 1597 -59 72 869 -167 -149 608 -222 -123 927 -141 -221 173 -362 -416 -55 -115 -180 800 175 171 1435 471 143 1482 462 135 1586 242 56 1325 50 85 754 35 99 1063 
0 1 0
121 151 886 70 177 987 219 142 982 103 214 1054 56 209 985 53 211 958 111 188 989 115 291 1350 22 293 1388 52 145 1027 57 -26 897 81 -62 886 -129 -182 693 -211 -176 325 -94 -215 339 17 -43 679 58 134 1172 271 273 1775 99 419 1998 144 257 1301 79 71 922 113 -103 659 -331 -223 548 -366 -332 283 -114 -337 281 -37 -57 831 37 163 1316 40 299 1638 263 230 1629 239 175 1397 
0 1 0
86 241 993 -39 337 1053 56 228 967 67 222 1049 -12 205 1036 74 188 1012 229 37 1246 63 -48 1121 56 -20 983 44 -151 792 55 -119 944 -102 -219 289 -104 -210 65 -359 -99 594 -353 127 1125 -143 232 1671 -257 339 1737 -241 450 1768 5 124 961 -299 9 1054 -217 -184 889 -146 -222 339 -325 -365 -4 -185 -71 443 126 200 1071 190 297 1704 197 302 1850 359 201 1183 158 82 806 96 80 789 
0 1 0
102 264 1075 46 222 1073 99 234 1131 141 248 1358 54 259 1428 -41 192 1356 -122 128 1316 -303 136 1127 -236 -106 532 -182 -202 233 -167 -201 388 64 -236 607 -107 64 994 13 314 1714 155 431 1998 174 388 1808 110 212 1191 119 92 896 -284 -158 560 -252 -233 414 -443 -494 80 -231 -351 117 0 177 914 -101 366 1530 75 225 1763 192 76 1383 47 160 1117 54 -8 717 218 146 1281 -73 98 1145 
0 1 0
93 205 1059 112 166 1007 173 122 973 110 197 1030 -25 222 1042 -8 513 1594 -317 198 1394 -123 136 1181 -213 -95 818 -154 -315 741 -179 -302 511 -380 -172 278 -206 -253 394 -367 -91 596 -111 42 1012 -184 430 1784 -9 380 1998 45 114 1575 -74 17 1111 -118 -225 636 218 -306 371 -237 -502 -322 -241 -406 214 94 -132 517 383 15 997 393 170 1646 343 216 1538 103 160 1103 136 63 874 104 84 966 
0 1 0
36 202 1049 91 244 1115 100 198 1009 116 164 956 236 202 1135 72 197 1158 66 134 1185 70 79 1159 168 196 1240 -39 27 1072 -44 -115 606 -463 -68 317 -369 -299 135 -220 -275 553 79 -74 663 -69 296 1497 190 416 1998 -98 589 1998 28 240 1189 117 108 934 -197 -129 654 -323 -303 358 -428 -522 102 -139 -283 469 203 -158 518 192 -41 588 -35 137 845 -22 319 1505 -116 264 1312 16 156 908 
0 1 0
-51 151 939 5 186 1044 117 229 1136 -42 243 1231 65 217 1376 4 194 1396 43 45 1165 -30 -45 1111 -9 -31 935 -162 -50 437 -131 -87 244 -309 -29 433 -110 50 819 -25 413 1584 93 564 1998 49 462 1738 -41 127 1114 13 -214 582 -232 -204 687 -108 -290 161 -22 -349 -111 36 -248 370 150 0 1130 581 138 1909 287 208 1727 169 285 1491 95 161 956 31 109 1013 46 72 1058 30 51 1023 
0 1 0
105 251 987 7 264 1035 111 265 1028 67 258 1240 101 387 1510 117 167 1103 33 55 1177 -214 -104 1187 -102 -38 655 -407 5 515 -139 -142 236 2 -108 683 -162 87 1113 -121 278 1662 144 335 1811 79 243 1595 228 72 1058 -131 -81 706 -56 -141 505 -231 -302 142 -216 -188 201 -417 -143 651 -44 56 954 83 374 1810 247 207 1648 173 164 935 -65 161 864 -6 118 970 8 162 1068 91 96 1024 
0 1 0
-49 276 990 -69 320 1226 34 309 1342 -1 280 1333 -16 146 1259 -70 72 1163 -209 -120 996 -141 -207 620 -171 -203 300 4 -278 250 -58 -173 371 68 -90 662 179 115 1661 56 462 1998 29 374 1679 46 115 1089 103 -72 898 45 -205 722 -240 -292 540 -127 -197 331 -55 -163 437 57 -48 1162 2 272 1521 81 -29 1323 401 198 1520 96 232 1300 38 156 870 78 154 912 27 206 1080 67 122 916 
0 1 0
-190 276 962 16 226 983 46 237 933 -49 219 1372 67 226 1367 -21 176 1200 -122 5 833 -168 -147 662 -132 -299 431 -417 -160 386 -341 -103 148 138 -92 788 -120 81 1243 37 368 1944 122 479 1998 215 221 1259 14 -128 684 -341 -180 600 -178 -306 210 -158 -363 -152 626 -202 350 254 48 1061 -82 292 1998 -64 194 1848 -19 59 603 53 101 768 96 227 1231 93 62 867 116 179 1063 69 217 1126 
0 1 0
110 235 795 25 334 1069 133 299 1046 183 235 1137 30 335 1249 87 149 941 -72 141 1138 -66 168 1413 -353 135 1436 -294 79 480 -189 -190 115 -123 -202 146 -57 -178 468 -57 54 1073 -166 406 1995 -87 509 1998 42 197 1255 -10 -31 790 -113 -154 619 -134 -120 518 -189 -313 19 -55 -138 267 216 -96 737 381 9 1099 104 355 1796 402 375 1998 -4 220 860 163 220 884 16 214 981 -60 294 1107 
0 1 0
-33 180 990 88 221 1113 141 249 981 145 454 1267 -2 396 1355 -20 392 1437 -175 373 1334 85 118 933 -133 7 559 -371 -168 215 -239 -203 225 -186 -57 412 145 -30 725 -114 451 1621 -92 610 1998 89 565 1933 69 305 1198 -11 13 560 -108 -121 315 -331 -194 302 -56 -434 44 14 -189 254 425 -351 416 90 213 861 76 417 1820 10 581 1944 -50 307 861 -25 330 928 2 237 824 60 396 1264 
0 1 0
-176 446 1370 -19 360 964 44 350 946 52 355 931 -8 470 1541 -38 538 1649 -82 331 1185 -12 112 822 -35 -11 996 -169 -191 582 -279 -137 402 -284 -190 142 -156 -100 458 210 32 706 64 388 1610 299 656 1998 131 375 1326 -9 61 841 21 -51 439 -116 -225 340 -276 -223 207 9 -141 453 -116 115 927 301 222 1481 276 413 1667 273 272 1182 217 278 791 141 313 843 90 384 1026 46 356 962 
0 1 0
19 271 907 32 242 910 126 246 989 128 317 1063 65 321 1077 23 312 1200 -103 465 1758 -26 500 1773 -29 217 1202 -365 107 910 -224 -67 229 -119 -260 -112 -388 -70 349 -341 76 661 -328 596 1693 67 558 1996 -65 657 1998 -81 356 1343 130 -1 791 -148 -162 510 -75 -240 305 -124 -255 99 -168 6 579 22 -4 517 -94 448 1538 237 337 1626 175 374 1731 200 356 1188 100 290 984 128 280 930 
0 1 0
95 329 1013 83 363 1114 76 346 1067 102 379 1076 87 507 1625 -49 590 1904 -123 417 1403 -352 299 939 -333 -60 528 -198 -187 69 -264 -279 -190 -93 -115 331 -189 108 826 154 284 1732 158 521 1998 141 543 1834 55 134 970 -243 -8 883 -227 -199 603 -256 -365 298 -21 -389 -30 70 -93 395 -74 -36 554 -154 277 1320 -146 532 1926 -25 317 1423 131 374 1169 114 284 889 116 318 989 128 279 961 
0 1 0
72 246 894 50 339 1090 -45 395 1188 74 376 1144 72 484 1522 69 330 1428 25 398 1519 -447 573 1673 -247 74 653 -317 -116 138 -326 -207 -55 -255 -128 483 121 -130 771 112 95 1486 328 211 1709 84 433 1998 107 193 1398 132 -140 646 4 32 836 78 -68 325 -9 -430 0 -194 -133 510 -118 165 1284 -193 330 1559 451 258 1728 151 367 1680 73 274 1180 47 231 922 150 184 876 100 184 958 
0 1 0
59 297 973 67 356 1015 36 318 944 90 356 1203 95 313 1396 63 286 1248 -125 296 1309 -35 180 1268 -8 40 730 -312 -168 702 -397 -195 518 -162 -396 -13 -199 -100 461 -148 -100 834 -215 369 1435 -168 447 1998 -331 374 1860 -174 345 1565 -23 81 954 -179 -82 627 -245 -147 634 -323 -352 229 -96 -388 110 -113 -267 452 115 -223 666 -21 -5 662 70 231 1389 232 346 1484 133 321 1181 157 267 893 
0 1 0
9 359 961 -14 351 1078 44 298 904 98 559 1497 92 495 1649 117 248 1239 0 215 1282 0 -72 792 -64 -100 224 -228 -160 -154 -142 6 468 -87 -2 818 -90 213 1288 261 83 1352 113 405 1922 126 408 1668 87 238 1132 121 120 984 0 -91 561 98 -389 -5 -345 -391 67 -133 -206 363 296 -114 575 154 204 1065 140 301 1447 -100 515 1623 69 352 1150 -16 294 912 126 284 966 145 242 923 
0 1 0
94 327 1020 48 308 1047 94 310 1006 341 176 1026 177 421 1462 383 375 1208 235 315 990 -215 158 1039 -27 4 570 -338 -101 261 -412 -296 -133 -288 -47 339 -4 237 1169 166 557 1873 182 756 1998 90 489 1495 95 280 1087 25 28 764 74 -102 926 -143 -176 496 -483 -555 -264 -279 -214 155 269 -24 723 437 109 1161 806 72 1250 508 239 1452 384 255 1188 229 344 1056 18 204 754 52 249 900 
0 1 0
88 347 972 58 375 1192 136 333 1081 38 414 1175 220 437 1609 -81 447 1549 75 210 1012 -178 170 967 -197 0 769 -39 -231 369 -313 -246 273 -268 -244 194 -112 -91 444 44 179 1268 109 347 1583 65 640 1998 204 489 1797 126 255 1203 222 147 1018 65 -11 566 -308 -330 286 -539 -394 209 -216 -143 308 233 46 898 447 236 1153 379 375 1563 219 427 1416 -185 218 570 151 592 1460 -86 393 1016 
0 1 0
53 225 947 67 311 1095 37 388 1157 64 406 1124 55 259 1012 182 503 1685 40 343 1553 17 234 1050 -207 -91 477 -253 -113 275 -331 -123 159 -161 -298 5 -150 -56 426 -88 103 860 18 421 1681 -238 758 1998 5 473 1654 -41 158 1050 -146 86 743 -340 -14 600 -310 -384 266 -132 -467 -62 138 -256 89 -123 -67 359 12 551 1663 -4 600 1982 110 256 1278 47 195 820 112 419 1262 77 283 990 
0 1 0
