-96 -106 1010 45 -89 988 122 -60 754 -4 -38 856 -71 187 987 512 89 893 -106 240 886 82 541 1802 -43 317 1524 183 412 1630 283 183 1181 25 -189 512 -77 -264 432 -323 -372 409 -255 -114 316 -406 -110 251 -308 -20 719 201 102 889 402 -50 1090 576 30 1521 467 135 1293 114 218 973 -71 257 943 -26 159 1007 -20 80 1033 47 -42 1004 37 4 1024 120 10 1012 97 70 1176 58 47 1018 
0 0 1
-48 -143 946 -3 -216 843 388 -74 816 279 31 602 -305 246 737 -730 486 1584 -326 716 1997 81 537 1773 44 368 1394 154 72 592 18 78 1022 -65 -254 514 -278 -21 715 -91 -52 418 -304 -10 560 71 65 747 315 192 1235 462 349 1485 361 325 1451 124 322 1203 195 141 845 21 206 929 9 274 1072 -18 260 1023 10 261 1040 -1 230 987 -39 161 929 42 191 984 -29 256 1010 -32 263 1031 
0 0 1
-319 -235 895 451 -346 635 109 -109 694 -262 96 959 22 236 1090 67 233 1229 -114 490 1989 209 384 1454 358 365 1484 56 339 1365 118 159 1108 -58 4 988 -52 -128 684 -336 0 809 -360 -63 362 -95 20 489 96 15 774 -139 165 851 638 472 1702 552 351 1446 223 295 956 173 312 911 11 321 1071 140 324 1160 46 233 936 -30 269 982 70 259 972 30 254 1024 38 224 987 59 198 962 
0 0 1
-158 -308 948 -34 -262 891 132 -139 844 250 -276 690 155 -68 908 534 -104 818 -56 71 1022 -52 159 1320 253 324 1274 33 388 1489 246 259 1563 261 256 1201 116 -84 763 -390 163 829 18 -289 338 -251 -340 171 -331 -157 386 -328 -213 254 -541 94 545 -340 60 487 0 355 1129 101 323 1540 432 183 1449 588 137 1365 319 75 1154 131 104 1008 28 120 922 68 116 960 74 86 947 -2 66 1000 
0 0 1
7 -376 667 -123 -278 851 66 -134 803 -89 93 1080 23 111 1249 340 126 1265 426 64 954 47 279 1438 -53 376 1486 67 305 1276 127 371 1542 162 216 1302 -10 110 1206 -75 131 1074 -193 60 888 -272 -61 562 -254 -87 664 -178 -183 652 -338 -98 737 -313 18 759 -333 292 1231 -47 256 1358 243 151 1521 388 -112 1134 436 -5 1104 243 79 1073 124 179 1127 150 66 948 114 169 975 72 162 1044 
0 0 1
-294 -427 888 -128 -340 1030 -142 -284 996 75 -247 887 168 -225 731 304 -266 709 279 -207 688 -175 66 1295 38 57 1417 146 -25 1158 38 115 1328 177 39 1357 89 21 1364 171 -144 797 -6 -339 444 -128 -297 404 -81 -420 434 -98 -386 296 -316 -216 451 -473 -151 555 -292 -48 718 -100 92 999 200 327 1472 335 281 1473 519 225 1418 412 150 1305 244 47 1057 102 45 863 119 52 927 71 13 857 
0 0 1
-97 -276 972 -83 -255 1019 102 -145 920 225 -204 840 75 -179 787 218 -82 1196 247 7 1144 120 68 941 -166 213 1276 3 285 1489 188 355 1561 162 182 1388 203 115 1431 149 168 1219 41 153 1301 -70 -19 1135 -244 -72 714 -311 -81 793 -248 -132 733 -272 -36 634 -371 -52 433 -191 104 717 268 354 1435 762 63 1122 489 130 1233 238 37 993 128 117 1075 118 83 1025 22 82 1020 54 15 941 
0 0 1
-127 -215 1003 -221 -158 1115 -137 -186 1021 -98 -158 1096 -43 -186 829 73 -8 792 6 125 1190 402 -182 870 354 -184 724 -340 151 1576 30 321 1663 232 284 1403 437 258 1515 77 297 1861 -65 -91 877 -303 -63 1123 -414 -310 457 -445 -45 603 -207 -250 363 -277 -151 776 -97 -159 715 -171 -192 432 -39 41 850 106 166 1213 651 67 1311 504 298 1605 186 204 1201 -52 167 1251 0 53 908 -16 39 861 
0 0 1
-114 -207 949 151 -131 1008 87 -80 866 131 -71 1026 363 -41 949 399 -84 958 98 12 972 -37 160 1301 -129 266 1464 -9 334 1341 634 363 1861 402 245 1384 371 -23 755 57 -309 400 -379 -325 469 -52 -228 557 -199 -254 374 -405 -106 642 -138 -108 820 118 -38 926 381 -40 1010 604 -180 883 577 26 1147 423 84 1153 276 95 1267 143 82 939 15 146 1087 15 27 992 103 96 1138 69 -23 890 
0 0 1
84 -270 1013 113 -308 900 37 -259 823 166 -248 702 134 -183 708 305 -236 498 -110 221 1239 -27 276 1472 74 265 1453 -30 486 1902 339 295 1267 317 282 1606 154 338 1538 -306 144 992 -264 140 1153 -86 104 1125 -149 -50 702 -374 -53 585 -324 -11 822 -240 2 650 -198 64 833 -432 165 864 233 337 1372 505 276 1510 546 202 1245 186 277 1149 187 167 931 77 134 1092 156 147 1081 71 200 1213 
0 0 1
-116 -314 971 -135 -260 1006 -142 -237 1119 -58 -296 1040 42 -275 887 77 -245 816 274 -216 612 7 -106 489 -96 -15 827 153 -53 1057 -68 310 1326 148 347 1381 366 250 1203 332 263 1489 497 131 1211 325 -132 711 -127 -46 657 -111 -57 537 -354 -5 574 -469 -31 681 -379 99 538 -359 236 799 -226 269 1211 -39 290 1363 459 162 1576 564 79 1403 16 83 1015 126 90 971 -28 141 1013 35 152 1095 
0 0 1
-49 -123 956 -1 -61 1009 73 14 837 279 11 779 423 -215 712 415 -276 463 352 -63 678 -188 722 1696 177 292 1393 387 428 1354 534 257 1568 239 41 1080 3 -322 332 -190 -27 645 -243 98 505 -387 -127 216 -475 -25 513 -262 -12 671 -620 74 657 -335 229 1106 964 115 1224 402 165 1399 354 227 1297 126 189 1145 18 138 988 26 59 807 97 5 861 62 173 1466 60 113 933 26 105 1123 
0 0 1
-93 -235 878 15 -136 1085 86 -8 770 483 -182 407 505 -129 645 61 153 912 -49 265 1235 -115 346 1265 156 350 1311 259 337 1444 400 36 1112 257 -137 796 -116 -495 157 -180 -243 295 -288 -184 323 -402 -176 404 -466 81 597 -392 46 474 -251 284 909 -15 309 1418 157 465 1940 219 169 1219 221 210 1009 44 96 796 -67 143 934 -101 141 989 -143 117 1001 118 142 1104 -47 164 1093 -9 185 1197 
0 0 1
-70 -308 685 -96 -159 1051 -203 -91 950 135 -102 782 365 -57 755 298 -19 876 257 -71 749 -657 451 1193 -106 495 1541 -67 488 1382 149 433 1532 136 386 1389 64 249 1251 149 -92 625 36 -124 517 -373 27 682 -421 -127 493 -474 52 733 -286 179 727 -321 486 886 -77 289 1202 327 399 1341 456 511 1645 176 312 1224 31 278 977 145 181 966 -22 147 1106 111 106 1066 32 98 1093 21 73 1085 
0 0 1
-105 -315 855 -86 -154 1139 -27 -231 847 85 -194 877 79 -138 521 -86 -65 794 -57 313 1274 200 276 1225 185 148 1095 114 268 1309 319 373 1555 196 403 1687 124 316 1416 58 253 1379 -21 61 1003 -100 208 926 -374 -159 457 -544 -24 636 -437 76 780 -195 120 821 -156 96 765 -285 190 838 469 -39 1390 563 -56 1297 211 88 1149 193 145 1109 0 147 1103 0 102 1014 22 158 1092 -22 126 1138 
0 0 1
-30 -246 844 -18 -102 1031 97 -153 679 294 -50 823 347 -141 514 6 28 858 -209 299 1065 41 340 1073 180 575 1475 87 538 1597 183 443 1552 204 477 1617 79 245 1186 -171 223 1354 258 -137 932 59 -162 358 -330 -141 294 -359 -2 652 -208 172 892 168 -60 555 106 288 1221 213 154 1542 516 236 1580 370 99 1108 103 296 1443 -50 75 890 72 150 1007 40 97 999 -14 162 1136 -4 150 1097 
0 0 1
-84 -164 981 -63 -140 1153 64 -102 907 232 -37 749 549 -188 654 142 -102 735 443 11 828 23 238 1174 -49 395 1607 222 337 1197 308 320 1327 109 301 1615 45 209 1337 -301 437 1263 -242 57 880 -319 204 611 -297 -58 676 -204 -31 578 -467 58 673 -505 158 826 82 300 872 637 484 1572 1149 167 1357 379 94 1320 25 192 1239 42 50 897 -72 86 986 -156 69 1046 87 86 1052 -40 66 1021 
0 0 1
-76 -162 1011 -1 -104 1074 216 36 1041 116 -127 932 50 -62 831 336 -64 824 192 -24 901 137 -2 794 -53 343 1264 21 376 1729 273 423 1472 407 207 1407 424 11 1214 359 -133 865 50 -205 402 -222 -143 462 -267 -71 489 -391 -114 562 -392 -136 450 -468 203 625 -337 196 682 -85 231 1111 499 280 1649 615 84 1247 232 189 1204 309 77 816 107 160 951 91 9 867 -51 58 1116 -75 22 942 
0 0 1
-164 -213 929 -97 -193 1000 -110 -200 827 39 -95 811 554 -196 621 351 -162 414 252 33 1004 279 219 1013 -85 558 1408 86 530 1325 264 479 1413 509 582 1731 487 62 876 149 -1 740 -95 -313 393 -257 -59 177 -433 -154 210 -533 -1 536 -485 138 721 -370 237 833 -84 321 1350 899 356 1909 691 405 1693 114 184 1334 30 36 950 -80 135 1094 -178 127 1231 19 21 1023 -78 8 1020 98 -21 1051 
0 0 1
-15 -173 964 -110 -142 1000 131 -137 874 106 -16 895 330 -158 674 -98 133 1095 -19 333 1370 1 344 1214 310 591 1690 280 469 1407 334 396 1686 389 312 1371 70 285 1343 -12 160 855 -302 366 976 -326 71 465 -511 -57 571 -469 81 805 -84 -33 633 73 38 677 -116 41 802 701 -2 1099 513 96 1246 138 74 1060 22 81 929 -12 167 1217 53 44 1048 -6 20 1084 -92 -11 942 5 -9 957 
0 0 1
-70 -157 1093 44 -151 1083 59 -196 935 99 -174 899 142 0 927 455 -131 861 208 -42 733 61 173 1001 156 303 1199 279 364 1224 281 241 1397 450 288 1396 511 276 1569 248 231 1327 -35 15 758 -295 -372 290 -21 -325 80 -468 -267 256 -392 -86 490 -282 102 683 -189 -9 716 -3 92 1174 32 181 1679 438 170 1632 189 218 1476 129 11 882 29 191 1439 -162 16 1084 -13 39 1090 15 42 1138 
0 0 1
-62 -148 1059 36 -198 983 -34 71 750 79 -144 442 521 -77 533 380 384 1371 378 474 1392 409 475 1201 237 349 1028 453 412 1459 566 247 1193 373 127 850 -168 43 985 52 126 1018 -71 120 939 -423 63 729 -313 5 677 -491 239 734 -233 231 845 -88 436 1585 575 314 1785 717 381 1712 237 244 1280 126 244 1310 37 136 996 199 139 1133 47 23 925 65 21 930 168 182 1189 93 208 1204 
0 0 1
-94 -99 1038 -155 -85 1120 -108 -142 977 -4 -153 1067 -22 -117 989 145 -23 906 467 -260 538 275 -136 689 459 128 1286 315 419 1571 347 298 1019 350 455 1390 302 474 1300 526 451 1840 277 146 1129 223 -5 881 229 -188 780 -29 -65 694 -216 -108 469 -369 -40 613 -216 -25 739 -554 10 661 -408 10 452 -247 163 679 -300 243 1013 513 178 1062 436 149 1112 165 177 1086 -8 67 846 178 155 870 
0 0 1
-104 -204 1067 -49 -187 1080 45 -163 1034 46 -113 1063 212 -14 955 280 81 1095 236 106 1092 396 -204 554 325 -31 564 -156 563 1655 197 536 1553 289 383 1478 208 512 1717 48 373 1381 -201 324 1389 -314 327 1223 -282 -32 553 -353 39 680 -257 92 771 -375 69 834 -236 94 732 193 203 943 719 134 1223 701 198 1324 399 133 1255 265 129 982 156 111 902 -21 227 1116 0 258 1166 120 167 1143 
0 0 1
-84 -71 1100 -56 -44 1089 -203 -60 1142 -71 -168 1010 -27 -170 841 52 -54 712 367 32 987 235 140 1119 246 1 602 44 394 1416 183 450 1235 182 282 997 266 441 1285 565 372 1525 454 95 908 198 -178 623 74 -152 641 -256 -97 649 -281 -98 371 -378 -6 530 -439 204 844 -85 120 803 139 266 1158 373 209 1105 384 186 1517 648 164 1345 389 129 1117 105 135 876 50 300 1070 -8 263 1151 
0 0 1
-56 -143 955 -114 -151 1002 -32 -60 1070 135 -129 780 36 -35 738 55 -14 882 66 13 869 -49 238 1134 -56 366 1311 94 470 1318 62 564 1473 159 574 1579 410 398 1409 253 419 1551 -53 251 1439 -45 83 925 -52 73 998 -118 34 695 -359 72 909 -358 98 877 -145 246 1062 -102 271 1164 21 256 1370 -31 -61 1143 -13 -58 1230 180 -15 1049 -140 92 1125 -229 -14 915 -83 1 942 -172 60 1025 
0 0 1
-157 -201 1006 -119 -186 1038 -156 -228 1088 -36 -273 876 32 -217 990 147 -208 750 116 -89 843 359 -189 768 -285 55 1022 73 173 1557 109 222 1316 100 448 1513 141 418 1511 245 293 1378 337 288 1528 213 278 1319 170 -25 814 71 5 745 -296 -11 796 -359 72 921 -439 86 875 -270 70 744 211 -6 686 300 178 1161 711 201 1332 690 232 1486 425 325 1477 128 204 921 138 244 1208 142 125 981 
0 0 1
-2 -200 989 -102 -116 1032 -40 -70 837 202 -91 795 100 18 722 78 255 1170 232 244 1141 319 240 985 97 344 969 115 417 1245 167 467 1472 299 375 1309 239 340 1063 52 102 862 -187 25 826 -233 -51 825 -221 -109 651 -336 -17 678 -424 79 702 -273 109 788 -372 83 685 132 158 1010 363 220 1398 192 235 1210 14 170 985 15 227 907 -42 283 1043 -24 321 1149 -16 274 1064 66 108 798 
0 0 1
-203 -175 1013 -148 -85 1119 -11 -121 1039 -42 -87 1089 114 16 836 503 -207 706 123 -69 733 -239 247 1115 -283 502 1514 -121 516 1521 54 455 1352 252 434 1506 274 311 1521 125 286 1371 66 166 943 -63 27 774 -166 -53 451 -286 -209 405 -236 -120 493 -189 119 802 -427 360 1084 468 304 1141 676 279 1301 953 319 1460 280 297 1239 -64 234 957 83 223 977 81 139 896 119 209 1045 128 151 971 
0 0 1
-72 -240 921 -184 -182 1100 -81 -211 992 -90 -218 1110 -63 -227 1011 111 -106 863 461 -217 680 385 -47 615 190 -77 579 1 338 1196 31 167 1104 263 316 1544 589 317 1396 564 276 1472 192 183 1209 36 -157 603 -36 -159 489 -243 -29 397 -515 31 547 -486 15 654 51 59 814 181 284 1130 588 218 1101 975 386 1625 102 381 1515 74 239 1124 -25 229 987 -36 183 972 20 102 896 -17 73 929 
0 0 1
